# L5 flavor corrections for IC5 algorithm 
# [gJ] (gluons from diJet mixture) 
# [bJ] (b quark from diJet mixture) 
# [cJ] (c quark from diJet mixture) 
# [qJ] (uds quarks from diJet mixture) 
# [udJ] (ud quark from diJet mixture) 
# [uJ] (u quark from diJet mixture) 
# [dJ] (d quark from diJet mixture) 
# [gT] (gluons from ttbar events) 
# [qT] (uds quarks from ttbar events) 
# [cT] (c quark from ttbar events) 
# [bT] (b quark from ttbar events) 
# energy mapping: ptGen = (pt - p5)/p6 
# parametrization: p2+p3*logPt+p4*logPt^2, constant if Pt<p0 or Pt>p1 
#etamin  etamax  #ofparameters  ptmin  ptmax    p2         p3        p4     mapping: p5        p6 
[aJ]
{1 JetEta 1 JetPt ([0]+[1]*log10(x)+[2]*pow(log10(x),2)+[3]*pow(log10(x),3)+[4]*pow(log10(x),4)) Correction L5Flavor}
     -5.191      -3.489           7        20.0       300.0     1.0000019      -4.3e-06       3.6e-06      -1.3e-06         2e-07 
     -3.489      -3.139           7        20.0       400.0     1.0000015      -3.3e-06       2.7e-06        -9e-07         1e-07 
     -3.139      -2.853           7        20.0       550.0     1.0000001        -3e-07         2e-07        -1e-07           0.0 
     -2.853        -2.5           7        20.0       750.0     0.9999993       1.4e-06      -1.1e-06         4e-07          -0.0 
       -2.5      -2.322           7        20.0      1000.0     0.9999991       1.7e-06      -1.3e-06         4e-07          -0.0 
     -2.322       -1.93           7        20.0      1500.0     0.9999996         9e-07        -6e-07         2e-07          -0.0 
      -1.93      -1.653           7        20.0      2000.0     0.9999994       1.2e-06        -8e-07         3e-07          -0.0 
     -1.653      -1.305           7        20.0      2500.0           1.0           0.0          -0.0          -0.0           0.0 
     -1.305      -0.783           7        20.0      4000.0     0.9999999         3e-07        -2e-07           0.0          -0.0 
     -0.783        -0.0           7        20.0     10000.0     1.0000003        -5e-07         3e-07        -1e-07           0.0 
        0.0       0.783           7        20.0     10000.0     1.0000003        -5e-07         3e-07        -1e-07           0.0 
      0.783       1.305           7        20.0      4000.0     0.9999999         3e-07        -2e-07           0.0          -0.0 
      1.305       1.653           7        20.0      2500.0           1.0           0.0          -0.0          -0.0           0.0 
      1.653        1.93           7        20.0      2000.0     0.9999994       1.2e-06        -8e-07         3e-07          -0.0 
       1.93       2.322           7        20.0      1500.0     0.9999996         9e-07        -6e-07         2e-07          -0.0 
      2.322         2.5           7        20.0      1000.0     0.9999991       1.7e-06      -1.3e-06         4e-07          -0.0 
        2.5       2.853           7        20.0       750.0     0.9999993       1.4e-06      -1.1e-06         4e-07          -0.0 
      2.853       3.139           7        20.0       550.0     1.0000001        -3e-07         2e-07        -1e-07           0.0 
      3.139       3.489           7        20.0       400.0     1.0000015      -3.3e-06       2.7e-06        -9e-07         1e-07 
      3.489       5.191           7        20.0       300.0     1.0000019      -4.3e-06       3.6e-06      -1.3e-06         2e-07 
[bJ]
{1 JetEta 1 JetPt ([0]+[1]*log10(x)+[2]*pow(log10(x),2)+[3]*pow(log10(x),3)+[4]*pow(log10(x),4)) Correction L5Flavor}
     -5.191      -3.489           7        20.0       120.0    -8.5275763     23.541822   -21.4370346     8.5664851    -1.2682094 
     -3.489      -3.139           7        20.0       200.0     1.6574143    -0.7857351     0.1771866     0.1021155    -0.0351059 
     -3.139      -2.853           7        20.0       300.0    -1.8670674     7.0255056     -6.217359     2.3883014    -0.3363906 
     -2.853        -2.5           7        20.0       400.0     1.6832181    -1.3724449     1.0913229    -0.3881351     0.0516777 
       -2.5      -2.322           7        20.0       400.0    -0.4520621     3.3075778    -2.6913528     0.9470403    -0.1221132 
     -2.322       -1.93           7        20.0       750.0     0.4916738     1.3160534    -1.1275255     0.4040812    -0.0518684 
      -1.93      -1.653           7        20.0      1000.0     1.0966158     0.0647666    -0.1637672     0.0793261    -0.0115725 
     -1.653      -1.305           7        20.0      1500.0     0.4925927     1.1743531    -0.8889174     0.2814309    -0.0320381 
     -1.305      -0.783           7        20.0      3000.0     1.0743334    -0.0022438    -0.0444862     0.0208897    -0.0027311 
     -0.783        -0.0           7        20.0     10000.0     0.9418492     0.2327137    -0.2048017     0.0674321    -0.0075491 
        0.0       0.783           7        20.0     10000.0     0.9418492     0.2327137    -0.2048017     0.0674321    -0.0075491 
      0.783       1.305           7        20.0      3000.0     1.0743334    -0.0022438    -0.0444862     0.0208897    -0.0027311 
      1.305       1.653           7        20.0      1500.0     0.4925927     1.1743531    -0.8889174     0.2814309    -0.0320381 
      1.653        1.93           7        20.0      1000.0     1.0966158     0.0647666    -0.1637672     0.0793261    -0.0115725 
       1.93       2.322           7        20.0       750.0     0.4916738     1.3160534    -1.1275255     0.4040812    -0.0518684 
      2.322         2.5           7        20.0       400.0    -0.4520621     3.3075778    -2.6913528     0.9470403    -0.1221132 
        2.5       2.853           7        20.0       400.0     1.6832181    -1.3724449     1.0913229    -0.3881351     0.0516777 
      2.853       3.139           7        20.0       300.0    -1.8670674     7.0255056     -6.217359     2.3883014    -0.3363906 
      3.139       3.489           7        20.0       200.0     1.6574143    -0.7857351     0.1771866     0.1021155    -0.0351059 
      3.489       5.191           7        20.0       120.0    -8.5275763     23.541822   -21.4370346     8.5664851    -1.2682094 
[cJ]
{1 JetEta 1 JetPt ([0]+[1]*log10(x)+[2]*pow(log10(x),2)+[3]*pow(log10(x),3)+[4]*pow(log10(x),4)) Correction L5Flavor}
     -5.191      -3.489           7        20.0       200.0      1.133248    -0.3114633     0.2529089    -0.0782145     0.0075401 
     -3.489      -3.139           7        20.0       300.0     6.3303483   -11.8921669     9.7556519    -3.4912316     0.4613672 
     -3.139      -2.853           7        20.0       400.0     2.4512305     -3.147338     2.4650615    -0.8293436     0.1020312 
     -2.853        -2.5           7        20.0       550.0     1.5972532     -1.347544     1.0618811    -0.3518613     0.0421055 
       -2.5      -2.322           7        20.0       550.0     1.0419699    -0.1417124     0.0996282    -0.0176113    -0.0006199 
     -2.322       -1.93           7        20.0      1000.0     1.0427826    -0.1534368      0.136055    -0.0444174      0.004976 
      -1.93      -1.653           7        20.0      1500.0     0.8962064     0.1832751    -0.1234462     0.0368791    -0.0039093 
     -1.653      -1.305           7        20.0      2000.0     0.6750607     0.6143185    -0.4393636     0.1389237    -0.0161116 
     -1.305      -0.783           7        20.0      3500.0     0.8854191     0.2235161    -0.1649947     0.0527961    -0.0060596 
     -0.783        -0.0           7        20.0     10000.0     0.9077175     0.1754246    -0.1269958     0.0395534    -0.0043888 
        0.0       0.783           7        20.0     10000.0     0.9077175     0.1754246    -0.1269958     0.0395534    -0.0043888 
      0.783       1.305           7        20.0      3500.0     0.8854191     0.2235161    -0.1649947     0.0527961    -0.0060596 
      1.305       1.653           7        20.0      2000.0     0.6750607     0.6143185    -0.4393636     0.1389237    -0.0161116 
      1.653        1.93           7        20.0      1500.0     0.8962064     0.1832751    -0.1234462     0.0368791    -0.0039093 
       1.93       2.322           7        20.0      1000.0     1.0427826    -0.1534368      0.136055    -0.0444174      0.004976 
      2.322         2.5           7        20.0       550.0     1.0419699    -0.1417124     0.0996282    -0.0176113    -0.0006199 
        2.5       2.853           7        20.0       550.0     1.5972532     -1.347544     1.0618811    -0.3518613     0.0421055 
      2.853       3.139           7        20.0       400.0     2.4512305     -3.147338     2.4650615    -0.8293436     0.1020312 
      3.139       3.489           7        20.0       300.0     6.3303483   -11.8921669     9.7556519    -3.4912316     0.4613672 
      3.489       5.191           7        20.0       200.0      1.133248    -0.3114633     0.2529089    -0.0782145     0.0075401 
[uJ]
{1 JetEta 1 JetPt ([0]+[1]*log10(x)+[2]*pow(log10(x),2)+[3]*pow(log10(x),3)+[4]*pow(log10(x),4)) Correction L5Flavor}
     -5.191      -3.489           7        20.0       200.0     0.4312605     1.2703998    -1.1632859     0.4828262    -0.0745293 
     -3.489      -3.139           7        20.0       300.0     1.6596072    -1.5572204     1.1831513     -0.371371     0.0418125 
     -3.139      -2.853           7        20.0       400.0     0.1458074     1.8185321    -1.6468065     0.6708167     -0.099854 
     -2.853        -2.5           7        20.0       750.0     1.2595212    -0.7122066     0.5144872    -0.1437318     0.0138726 
       -2.5      -2.322           7        20.0       750.0     1.6734772     -1.460251     1.0279692    -0.3020971     0.0322982 
     -2.322       -1.93           7        20.0      1000.0     1.3863513    -0.9102412     0.6618218    -0.2009333     0.0224192 
      -1.93      -1.653           7        20.0      1500.0     1.1285355    -0.3172371     0.1904354    -0.0430729     0.0032972 
     -1.653      -1.305           7        20.0      2000.0     0.8875185     0.1473041    -0.1306321     0.0518504    -0.0069161 
     -1.305      -0.783           7        20.0      3500.0     0.9977374    -0.0757158     0.0440321    -0.0071998     0.0002345 
     -0.783        -0.0           7        20.0     10000.0     0.8606235     0.1658668    -0.0986731     0.0276459    -0.0027942 
        0.0       0.783           7        20.0     10000.0     0.8606235     0.1658668    -0.0986731     0.0276459    -0.0027942 
      0.783       1.305           7        20.0      3500.0     0.9977374    -0.0757158     0.0440321    -0.0071998     0.0002345 
      1.305       1.653           7        20.0      2000.0     0.8875185     0.1473041    -0.1306321     0.0518504    -0.0069161 
      1.653        1.93           7        20.0      1500.0     1.1285355    -0.3172371     0.1904354    -0.0430729     0.0032972 
       1.93       2.322           7        20.0      1000.0     1.3863513    -0.9102412     0.6618218    -0.2009333     0.0224192 
      2.322         2.5           7        20.0       750.0     1.6734772     -1.460251     1.0279692    -0.3020971     0.0322982 
        2.5       2.853           7        20.0       750.0     1.2595212    -0.7122066     0.5144872    -0.1437318     0.0138726 
      2.853       3.139           7        20.0       400.0     0.1458074     1.8185321    -1.6468065     0.6708167     -0.099854 
      3.139       3.489           7        20.0       300.0     1.6596072    -1.5572204     1.1831513     -0.371371     0.0418125 
      3.489       5.191           7        20.0       200.0     0.4312605     1.2703998    -1.1632859     0.4828262    -0.0745293 
[dJ]
{1 JetEta 1 JetPt ([0]+[1]*log10(x)+[2]*pow(log10(x),2)+[3]*pow(log10(x),3)+[4]*pow(log10(x),4)) Correction L5Flavor}
     -5.191      -3.489           7        20.0       300.0     1.6478278    -1.5798517     1.3287325    -0.4809086      0.064409 
     -3.489      -3.139           7        20.0       400.0     1.4533299    -1.0483542     0.7347695    -0.2046166     0.0196388 
     -3.139      -2.853           7        20.0       550.0      0.893762     0.1550137    -0.2529132     0.1494328    -0.0266874 
     -2.853        -2.5           7        20.0       750.0     0.7789587     0.2050306    -0.1386361     0.0599775    -0.0095149 
       -2.5      -2.322           7        20.0      1000.0     0.6240392     0.4259229    -0.2339295     0.0683979    -0.0079334 
     -2.322       -1.93           7        20.0      1500.0     1.2452558    -0.6548064     0.4624481    -0.1295384     0.0129725 
      -1.93      -1.653           7        20.0      2000.0     1.2037292    -0.5122787      0.338006    -0.0884735     0.0083212 
     -1.653      -1.305           7        20.0      2500.0     1.0396078    -0.1974273      0.122542    -0.0258642     0.0017211 
     -1.305      -0.783           7        20.0      4000.0     0.8431825     0.1427197    -0.0819445     0.0259736     -0.003026 
     -0.783        -0.0           7        20.0     10000.0      0.810669     0.2147859    -0.1211543     0.0332195    -0.0033635 
        0.0       0.783           7        20.0     10000.0      0.810669     0.2147859    -0.1211543     0.0332195    -0.0033635 
      0.783       1.305           7        20.0      4000.0     0.8431825     0.1427197    -0.0819445     0.0259736     -0.003026 
      1.305       1.653           7        20.0      2500.0     1.0396078    -0.1974273      0.122542    -0.0258642     0.0017211 
      1.653        1.93           7        20.0      2000.0     1.2037292    -0.5122787      0.338006    -0.0884735     0.0083212 
       1.93       2.322           7        20.0      1500.0     1.2452558    -0.6548064     0.4624481    -0.1295384     0.0129725 
      2.322         2.5           7        20.0      1000.0     0.6240392     0.4259229    -0.2339295     0.0683979    -0.0079334 
        2.5       2.853           7        20.0       750.0     0.7789587     0.2050306    -0.1386361     0.0599775    -0.0095149 
      2.853       3.139           7        20.0       550.0      0.893762     0.1550137    -0.2529132     0.1494328    -0.0266874 
      3.139       3.489           7        20.0       400.0     1.4533299    -1.0483542     0.7347695    -0.2046166     0.0196388 
      3.489       5.191           7        20.0       300.0     1.6478278    -1.5798517     1.3287325    -0.4809086      0.064409 
[gJ]
{1 JetEta 1 JetPt ([0]+[1]*log10(x)+[2]*pow(log10(x),2)+[3]*pow(log10(x),3)+[4]*pow(log10(x),4)) Correction L5Flavor}
     -5.191      -3.489           7        20.0       200.0     2.9845913    -4.7796145     4.3261732    -1.7237619     0.2557183 
     -3.489      -3.139           7        20.0       300.0      0.544832     1.1587207    -1.0304982     0.4012029    -0.0570614 
     -3.139      -2.853           7        20.0       400.0     1.6424642    -1.3910384     1.1712148    -0.4333521     0.0598476 
     -2.853        -2.5           7        20.0       550.0      0.968119     0.2135677    -0.2458369     0.1113655    -0.0172698 
       -2.5      -2.322           7        20.0       750.0     1.2765128    -0.4770472     0.3226793      -0.09562     0.0108143 
     -2.322       -1.93           7        20.0      1000.0     1.0557557    -0.0308581    -0.0148547     0.0156294    -0.0026227 
      -1.93      -1.653           7        20.0      1500.0     1.0479841    -0.0382846     0.0039485     0.0052422    -0.0009403 
     -1.653      -1.305           7        20.0      2000.0     0.7974314     0.4682495    -0.3703722      0.124531    -0.0148866 
     -1.305      -0.783           7        20.0      3000.0     0.8578181     0.3266826    -0.2518465     0.0816742    -0.0093736 
     -0.783        -0.0           7        20.0      4500.0     0.9369789     0.1523089    -0.1154501     0.0361758    -0.0039534 
        0.0       0.783           7        20.0      4500.0     0.9369789     0.1523089    -0.1154501     0.0361758    -0.0039534 
      0.783       1.305           7        20.0      3000.0     0.8578181     0.3266826    -0.2518465     0.0816742    -0.0093736 
      1.305       1.653           7        20.0      2000.0     0.7974314     0.4682495    -0.3703722      0.124531    -0.0148866 
      1.653        1.93           7        20.0      1500.0     1.0479841    -0.0382846     0.0039485     0.0052422    -0.0009403 
       1.93       2.322           7        20.0      1000.0     1.0557557    -0.0308581    -0.0148547     0.0156294    -0.0026227 
      2.322         2.5           7        20.0       750.0     1.2765128    -0.4770472     0.3226793      -0.09562     0.0108143 
        2.5       2.853           7        20.0       550.0      0.968119     0.2135677    -0.2458369     0.1113655    -0.0172698 
      2.853       3.139           7        20.0       400.0     1.6424642    -1.3910384     1.1712148    -0.4333521     0.0598476 
      3.139       3.489           7        20.0       300.0      0.544832     1.1587207    -1.0304982     0.4012029    -0.0570614 
      3.489       5.191           7        20.0       200.0     2.9845913    -4.7796145     4.3261732    -1.7237619     0.2557183 
[sJ]
{1 JetEta 1 JetPt ([0]+[1]*log10(x)+[2]*pow(log10(x),2)+[3]*pow(log10(x),3)+[4]*pow(log10(x),4)) Correction L5Flavor}
     -5.191      -3.489           7        20.0       200.0      1.421609    -1.1052858     0.9405428    -0.3333898     0.0427028 
     -3.489      -3.139           7        20.0       300.0     3.8568015    -6.5773844      5.401634    -1.9168487     0.2500626 
     -3.139      -2.853           7        20.0       400.0     2.2821072    -2.9936138     2.3573748    -0.7770673      0.092128 
     -2.853        -2.5           7        20.0       550.0     1.6868575    -1.6193483     1.2858323    -0.4309061     0.0526347 
       -2.5      -2.322           7        20.0       550.0     0.9182068     0.0315913    -0.0169257     0.0199098    -0.0052797 
     -2.322       -1.93           7        20.0      1000.0     1.0869922    -0.3742303     0.3545558    -0.1303006     0.0169449 
      -1.93      -1.653           7        20.0      1500.0     0.8813925     0.0773643    -0.0082768    -0.0041008     0.0008697 
     -1.653      -1.305           7        20.0      2500.0     0.8778216     0.0915826    -0.0139454    -0.0045386     0.0012066 
     -1.305      -0.783           7        20.0      4000.0     0.7659958     0.2857923    -0.1193501     0.0189259    -0.0007227 
     -0.783        -0.0           7        20.0     10000.0     0.7314413     0.3823795    -0.1985494     0.0442822    -0.0035413 
        0.0       0.783           7        20.0     10000.0     0.7314413     0.3823795    -0.1985494     0.0442822    -0.0035413 
      0.783       1.305           7        20.0      4000.0     0.7659958     0.2857923    -0.1193501     0.0189259    -0.0007227 
      1.305       1.653           7        20.0      2500.0     0.8778216     0.0915826    -0.0139454    -0.0045386     0.0012066 
      1.653        1.93           7        20.0      1500.0     0.8813925     0.0773643    -0.0082768    -0.0041008     0.0008697 
       1.93       2.322           7        20.0      1000.0     1.0869922    -0.3742303     0.3545558    -0.1303006     0.0169449 
      2.322         2.5           7        20.0       550.0     0.9182068     0.0315913    -0.0169257     0.0199098    -0.0052797 
        2.5       2.853           7        20.0       550.0     1.6868575    -1.6193483     1.2858323    -0.4309061     0.0526347 
      2.853       3.139           7        20.0       400.0     2.2821072    -2.9936138     2.3573748    -0.7770673      0.092128 
      3.139       3.489           7        20.0       300.0     3.8568015    -6.5773844      5.401634    -1.9168487     0.2500626 
      3.489       5.191           7        20.0       200.0      1.421609    -1.1052858     0.9405428    -0.3333898     0.0427028 
[udJ]
{1 JetEta 1 JetPt ([0]+[1]*log10(x)+[2]*pow(log10(x),2)+[3]*pow(log10(x),3)+[4]*pow(log10(x),4)) Correction L5Flavor}
     -5.191      -3.489           7        20.0       300.0     1.5413201    -1.3459867     1.1353228    -0.4091669     0.0543474 
     -3.489      -3.139           7        20.0       400.0      1.633322    -1.4780223     1.1092975    -0.3456006     0.0390118 
     -3.139      -2.853           7        20.0       550.0     1.1072901    -0.3596163     0.1927772    -0.0153834    -0.0046307 
     -2.853        -2.5           7        20.0       750.0     0.9764044    -0.1660108     0.1222759    -0.0206662     -0.000309 
       -2.5      -2.322           7        20.0      1000.0     1.0864727    -0.3956557     0.3092264    -0.0891573     0.0089542 
     -2.322       -1.93           7        20.0      1500.0      1.216457    -0.5734063     0.4005988    -0.1112499     0.0110982 
      -1.93      -1.653           7        20.0      2000.0     1.1328947    -0.3526399     0.2222033    -0.0537498     0.0045792 
     -1.653      -1.305           7        20.0      2500.0     1.0032116    -0.1072962     0.0576309    -0.0069826    -0.0002424 
     -1.305      -0.783           7        20.0      4000.0     0.8734995     0.1125143    -0.0668682     0.0217723    -0.0025513 
     -0.783        -0.0           7        20.0     10000.0     0.8222173     0.2113094    -0.1220318     0.0334606    -0.0033553 
        0.0       0.783           7        20.0     10000.0     0.8222173     0.2113094    -0.1220318     0.0334606    -0.0033553 
      0.783       1.305           7        20.0      4000.0     0.8734995     0.1125143    -0.0668682     0.0217723    -0.0025513 
      1.305       1.653           7        20.0      2500.0     1.0032116    -0.1072962     0.0576309    -0.0069826    -0.0002424 
      1.653        1.93           7        20.0      2000.0     1.1328947    -0.3526399     0.2222033    -0.0537498     0.0045792 
       1.93       2.322           7        20.0      1500.0      1.216457    -0.5734063     0.4005988    -0.1112499     0.0110982 
      2.322         2.5           7        20.0      1000.0     1.0864727    -0.3956557     0.3092264    -0.0891573     0.0089542 
        2.5       2.853           7        20.0       750.0     0.9764044    -0.1660108     0.1222759    -0.0206662     -0.000309 
      2.853       3.139           7        20.0       550.0     1.1072901    -0.3596163     0.1927772    -0.0153834    -0.0046307 
      3.139       3.489           7        20.0       400.0      1.633322    -1.4780223     1.1092975    -0.3456006     0.0390118 
      3.489       5.191           7        20.0       300.0     1.5413201    -1.3459867     1.1353228    -0.4091669     0.0543474 
[qJ]
{1 JetEta 1 JetPt ([0]+[1]*log10(x)+[2]*pow(log10(x),2)+[3]*pow(log10(x),3)+[4]*pow(log10(x),4)) Correction L5Flavor}
     -5.191      -3.489           7        20.0       300.0     1.5521484    -1.3867836     1.1829137    -0.4315269     0.0580546 
     -3.489      -3.139           7        20.0       400.0     1.6847762     -1.613822     1.2348668     -0.394596     0.0458844 
     -3.139      -2.853           7        20.0       550.0     1.3850901    -0.9873579     0.7205336    -0.2088349     0.0213749 
     -2.853        -2.5           7        20.0       750.0     0.9430049    -0.0603943     0.0349095     0.0073626    -0.0034412 
       -2.5      -2.322           7        20.0      1000.0     0.9920045    -0.1832399     0.1564991     -0.044322     0.0042881 
     -2.322       -1.93           7        20.0      1500.0     1.0614905    -0.2591873     0.1851027    -0.0493639     0.0046978 
      -1.93      -1.653           7        20.0      2000.0     0.9510858    -0.0094959    -0.0018407     0.0083113    -0.0016771 
     -1.653      -1.305           7        20.0      2500.0     0.8949042     0.0870625    -0.0553104     0.0195189    -0.0023844 
     -1.305      -0.783           7        20.0      4000.0     0.7733257     0.2895807    -0.1647493     0.0432045    -0.0041359 
     -0.783        -0.0           7        20.0     10000.0      0.755281     0.3299171     -0.185602     0.0467835    -0.0042895 
        0.0       0.783           7        20.0     10000.0      0.755281     0.3299171     -0.185602     0.0467835    -0.0042895 
      0.783       1.305           7        20.0      4000.0     0.7733257     0.2895807    -0.1647493     0.0432045    -0.0041359 
      1.305       1.653           7        20.0      2500.0     0.8949042     0.0870625    -0.0553104     0.0195189    -0.0023844 
      1.653        1.93           7        20.0      2000.0     0.9510858    -0.0094959    -0.0018407     0.0083113    -0.0016771 
       1.93       2.322           7        20.0      1500.0     1.0614905    -0.2591873     0.1851027    -0.0493639     0.0046978 
      2.322         2.5           7        20.0      1000.0     0.9920045    -0.1832399     0.1564991     -0.044322     0.0042881 
        2.5       2.853           7        20.0       750.0     0.9430049    -0.0603943     0.0349095     0.0073626    -0.0034412 
      2.853       3.139           7        20.0       550.0     1.3850901    -0.9873579     0.7205336    -0.2088349     0.0213749 
      3.139       3.489           7        20.0       400.0     1.6847762     -1.613822     1.2348668     -0.394596     0.0458844 
      3.489       5.191           7        20.0       300.0     1.5521484    -1.3867836     1.1829137    -0.4315269     0.0580546 
